0
13356
8904
4452
4452
0
0
0
0
0
1
0
0
1
0
0
0
0
0
0
0
0
0
0
0
0
0
0
0
0
0
0
0
0
0
0
0
0
0
0
0
0
0
0
0
0
0
0
0
0
0
0
0
0
0
0
0
0
0
0
0
0
0
0
0
0
0
0
0
0
0
0
0
0
0
0
0
0
0
0
0
0
0
0
0
0
0
0
0
0
0
0
0
0
0
0
0
0
0
0
0
0
0
0
0
0
0
0
0
0
0
0
0
0
0
0
0
0
0
0
0
0
0
0
0
0
0
0
0
0
0
0
0
0
0
0
0
0
0
0
0
0
0
0
0
0
0
0
0
0
0
0
0
0
0
0
0
0
0
0
0
0
0
0
0
0
0
0
0
0
0
0
0
0
0
0
0
0
0
0
0
0
0
0
0
0
0
0
0
0
0
0
0
0
0
0
0
0
0
0
0
0
0
0
0
0
0
0
0
0
0
0
0
0
0
0
0
0
0
0
0
0
0
0
0
0
0
0
0
0
0
0
0
0
0
0
0
0
0
0
0
0
0
0
0
0
0
0
0
0
0
0
0
0
0
0
X½bõ‹Ö/X½bõ‹Ö/X½bõ‹Ö/X½bõ‹Ö/X½bõ‹Ö/X½bõ‹Ö/X½bõ‹Ö/X½bõ‹Ö/X½bõ‹Ö/X½bõ‹Ö/X½bõ‹Ö/X½bõ‹Ö/X½bõ‹Ö/X½bõ‹Ö/X½bõ‹Ö/X½bõ‹Ö/X½bõ‹Ö/X½bõ‹Ö/X½bõ‹Ö/X½bõ‹Ö/X½bõ‹Ö/X½bõ‹Ö/X½bõ‹Ö/X½bõ‹Ö/X½bõ‹Ö/X½bõ‹Ö/X½bõ‹Ö/X½bõ‹Ö/X½bõ‹Ö/X½bõ‹Ö/X½bõ‹Ö/X½bõ‹Ö/X½bõ‹Ö/X½bõ‹Ö/X½bõ‹Ö/X½bõ‹Ö/X½bõ‹Ö/X½bõ‹Ö/X½bõ‹Ö/X½bõ‹Ö/X½bõ‹Ö/X½bõ‹Ö/X½bõ‹Ö/X½bõ‹Ö/X½bõ‹Ö/X½bõ‹Ö/X½bõ‹Ö/X½bõ‹Ö/X½bõ‹Ö/X½bõ‹Ö/X½bõ‹Ö/X½bõ‹Ö/X½bõ‹Ö/X½bõ‹Ö/X½bõ‹Ö/X½bõ‹Ö/X½bõ‹Ö/X½bõ‹Ö/X½bõ‹Ö/X½bõ‹Ö/X½bõ‹Ö/X½bõ‹Ö/X½bõ‹Ö/X½bõ‹Ö/X½bõ‹Ö/X½bõ‹Ö/X½bõ‹Ö/X½bõ‹Ö/X½bõ‹Ö/X½bõ‹Ö/X½bõ‹Ö/X½bõ‹Ö/X½bõ‹Ö/X½bõ‹Ö/X½bõ‹Ö/X½bõ‹Ö/X½bõ‹Ö/X½bõ‹Ö/X½bõ‹Ö/X½bõ‹Ö/X½bõ‹Ö/X½bõ‹Ö/X½bõ‹Ö/X½bõ‹Ö/X½bõ‹Ö/X½bõ‹Ö/X½bõ‹Ö/X½bõ‹Ö/X½bõ‹Ö/X½bõ‹Ö/X½bõ‹Ö/X½bõ‹Ö/X½bõ‹Ö/X½bõ‹Ö/X½bõ‹Ö/X½bõ‹Ö/X½bõ‹Ö/X½bõ‹Ö/X½bõ‹Ö/X½bõ‹Ö/X½bõ‹Ö/X½bõ‹Ö/X½bõ‹Ö/X½bõ‹Ö/X½bõ‹Ö/X½bõ‹Ö/X½bõ‹Ö/X½bõ‹Ö/X½bõ‹Ö/X½bõ‹Ö/X½bõ‹Ö/X½bõ‹Ö/X½bõ‹Ö/X½bõ‹Ö/X½bõ‹Ö/X½bõ‹Ö/X½bõ‹Ö/X½bõ‹Ö/X½bõ‹Ö/X½bõ‹Ö/X½bõ‹Ö/X½bõ‹Ö/X½bõ‹Ö/X½bõ‹Ö/X½bõ‹Ö/X½bõ‹Ö/X½bõ‹Ö/X½bõ‹Ö/X½bõ‹Ö/X½bõ‹Ö/X½bõ‹Ö/X½bõ‹Ö/X½bõ‹Ö/X½bõ‹Ö/X½bõ‹Ö/X½bõ‹Ö/X½bõ‹Ö/X½bõ‹Ö/X½bõ‹Ö/X½bõ‹Ö/X½bõ‹Ö/X½bõ‹Ö/X½bõ‹Ö/X½bõ‹Ö/X½bõ‹Ö/X½bõ‹Ö/X½bõ‹Ö/X½bõ‹Ö/X½bõ‹Ö/X½bõ‹Ö/X½bõ‹Ö/X½bõ‹Ö/X½bõ‹Ö/X½bõ‹Ö/X½bõ‹Ö/X½bõ‹Ö/X½bõ‹Ö/X½bõ‹Ö/X½bõ‹Ö/X½bõ‹Ö/X½bõ‹Ö/X½bõ‹Ö/X½bõ‹Ö/X½bõ‹Ö/X½bõ‹Ö/X½bõ‹Ö/X½bõ‹Ö/X½bõ‹Ö/X½bõ‹Ö/X½bõ‹Ö/X½bõ‹Ö/X½bõ‹Ö/X½bõ‹Ö/X½bõ‹Ö/X½bõ‹Ö/X½bõ‹Ö/X½bõ‹Ö/X½bõ‹Ö/X½bõ‹Ö/X½bõ‹Ö/X½bõ‹Ö/X½bõ‹Ö/X½bõ‹Ö/X½bõ‹Ö/X½bõ‹Ö/X½bõ‹Ö/X½bõ‹Ö/X½bõ‹Ö/X½bõ‹Ö/X½bõ‹Ö/X½bõ‹Ö/X½bõ‹Ö/X½bõ‹Ö/X½bõ‹Ö/X½bõ‹Ö/X½bõ‹Ö/X½bõ‹Ö/X½bõ‹Ö/X½bõ‹Ö/X½bõ‹Ö/X½bõ‹Ö/X½bõ‹Ö/X½bõ‹Ö/X½bõ‹Ö/X½bõ‹Ö/X½bõ‹Ö/X½bõ‹Ö/X½bõ‹Ö/X½bõ‹Ö/X½bõ‹Ö/X½bõ‹Ö/X½bõ‹Ö/X½bõ‹Ö/X½bõ‹Ö/X½bõ‹Ö/X½bõ‹Ö/X½bõ‹Ö/X½bõ‹Ö/X½bõ‹Ö/X½bõ‹Ö/X½bõ‹Ö/X½bõ‹Ö/X½bõ‹Ö/X½bõ‹Ö/X½bõ‹Ö/X½bõ‹Ö/X½bõ‹Ö/X½bõ‹Ö/X½bõ‹Ö/X½bõ‹Ö/X½bõ‹Ö/X½bõ‹Ö/X½bõ‹Ö/X½bõ‹Ö/X½bõ‹Ö/X½bõ‹Ö/X½bõ‹Ö/X½bõ‹Ö/X½bõ‹Ö/X½bõ‹Ö/X½bõ‹Ö/X½bõ‹Ö/X½bõ‹Ö/X½bõ‹Ö/X½bõ‹Ö/X½bõ‹Ö/X½bõ‹Ö/X½bõ‹Ö/X½bõ‹Ö/X½bõ‹Ö/X½bõ‹Ö/X½bõ‹Ö/X½bõ‹Ö/X½bõ‹Ö/X½bõ‹Ö/X½bõ‹Ö/X½bõ‹Ö/X½bõ‹Ö/X½bõ‹Ö/X½bõ‹Ö/X½bõ‹Ö/X½bõ‹Ö/X½bõ‹Ö/X½bõ‹Ö/X½bõ‹Ö/X½bõ‹Ö/X½bõ‹Ö/X½bõ‹Ö/X½bõ‹Ö/X½bõ‹Ö/X½bõ‹Ö/X½bõ‹Ö/X½bõ‹Ö/X½bõ‹Ö/X½bõ‹Ö/X½bõ‹Ö/X½bõ‹Ö/X½bõ‹Ö/X½bõ‹Ö/X½bõ‹Ö/X½bõ‹Ö/X½bõ‹Ö/X½bõ‹Ö/X½bõ‹Ö/X½bõ‹Ö/X½bõ‹Ö/X½bõ‹Ö/X½bõ‹Ö/X½bõ‹Ö/X½bõ‹Ö/X½bõ‹Ö/X½bõ‹Ö/X½bõ‹Ö/X½bõ‹Ö/X½bõ‹Ö/X½bõ‹Ö/X½bõ‹Ö/X½bõ‹Ö/X½bõ‹Ö/X½bõ‹Ö/X½bõ‹Ö/X½bõ‹Ö/X½bõ‹Ö/X½bõ‹Ö/X½bõ‹Ö/X½bõ‹Ö/X½bõ‹Ö/X½bõ‹Ö/X½bõ‹Ö/X½bõ‹Ö/X½bõ‹Ö/X½bõ‹Ö/X½bõ‹Ö/X½bõ‹Ö/X½bõ‹Ö/X½bõ‹Ö/X½bõ‹Ö/X½bõ‹Ö/X½bõ‹Ö/X½bõ‹Ö/X½bõ‹Ö/X½bõ‹Ö/X½bõ‹Ö/X½bõ‹Ö/X½bõ‹Ö/X½bõ‹Ö/X½bõ‹Ö/X½bõ‹Ö/X½bõ‹Ö/X½bõ‹Ö/X½bõ‹Ö/X½bõ‹Ö/X½bõ‹Ö/X½bõ‹Ö/X½bõ‹Ö/X½bõ‹Ö/X½bõ‹Ö/X½bõ‹Ö/X½bõ‹Ö/X½bõ‹Ö/X½bõ‹Ö/X½bõ‹Ö/X½bõ‹Ö/X½bõ‹Ö/X½bõ‹Ö/X½bõ‹Ö/X½bõ‹Ö/X½bõ‹Ö/X½bõ‹Ö/X½bõ‹Ö/X½bõ‹Ö/X½bõ‹Ö/X½bõ‹Ö/X½bõ‹Ö/X½bõ‹Ö/X½bõ‹Ö/X½bõ‹Ö/X½bõ‹Ö/X½bõ‹Ö/X½bõ‹Ö/X½bõ‹Ö/X½bõ‹Ö/X½bõ‹Ö/X½bõ‹Ö/X½bõ‹Ö/X½bõ‹Ö/X½bõ‹Ö/X½bõ‹Ö/X½bõ‹Ö/X½bõ‹Ö/X½bõ‹Ö/X½bõ‹Ö/X½bõ‹Ö/X½bõ‹Ö/X½bõ‹Ö/X½bõ‹Ö/X½bõ‹Ö/X½bõ‹Ö/X½bõ‹Ö/X½bõ‹Ö/X½bõ‹Ö/X½bõ‹Ö/X½bõ‹Ö/X½bõ‹Ö/X½bõ‹Ö/X½bõ‹Ö/X½bõ‹Ö/X½bõ‹Ö/X½bõ‹Ö/X½bõ‹Ö/X½bõ‹Ö/X½bõ‹Ö/X½bõ‹Ö/X½bõ‹Ö/X½bõ‹Ö/X½bõ‹Ö/X½bõ‹Ö/X½bõ‹Ö/X½bõ‹Ö/X½bõ‹Ö/X½bõ‹Ö/X½bõ‹Ö/X½bõ‹Ö/X½bõ‹Ö/X½bõ‹Ö/X½bõ‹Ö/X½bõ‹Ö/X½bõ‹Ö/X½bõ‹Ö/X½bõ‹Ö/X½bõ‹Ö/X½bõ‹Ö/X½bõ‹Ö/X½bõ‹Ö/X½bõ‹Ö/X½bõ‹Ö/X½bõ‹Ö/X½bõ‹Ö/X½bõ‹Ö/X½bõ‹Ö/X½bõ‹Ö/X½bõ‹Ö/X½bõ‹Ö/X½bõ‹Ö/X½bõ‹Ö/X½bõ‹Ö/X½bõ‹Ö/X½bõ‹Ö/X½bõ‹Ö/X½bõ‹Ö/X½bõ‹Ö/X½bõ‹Ö/X½bõ‹Ö/X½bõ‹Ö/X½bõ‹Ö/X½bõ‹Ö/X½bõ‹Ö/X½bõ‹Ö/X½bõ‹Ö/X½bõ‹Ö/X½bõ‹Ö/X½bõ‹Ö/X½bõ‹Ö/X½bõ‹Ö/X½bõ‹Ö/X½bõ‹Ö/X½bõ‹Ö/X½bõ‹Ö/X½bõ‹Ö/X½bõ‹Ö/X½bõ‹Ö/X½bõ‹Ö/X½bõ‹Ö/X½bõ‹Ö/X½bõ‹Ö/X½bõ‹Ö/X½bõ‹Ö/X½bõ‹Ö/X½bõ‹Ö/X½bõ‹Ö/X½bõ‹Ö/X½bõ‹Ö/X½bõ‹Ö/X½bõ‹Ö/X½bõ‹Ö/X½bõ‹Ö/X½bõ‹Ö/X½bõ‹Ö/X½bõ‹Ö/X½bõ‹Ö/X½bõ‹Ö/X½bõ‹Ö/X½bõ‹Ö/X½bõ‹Ö/X½bõ‹Ö/X½bõ‹Ö/X½bõ‹Ö/X½bõ‹Ö/X½bõ‹Ö/X½bõ‹Ö/X½bõ‹Ö/X½bõ‹Ö/X½bõ‹Ö/X½bõ‹Ö/X½bõ‹Ö/X½bõ‹Ö/X½bõ‹Ö/X½bõ‹Ö/X½bõ‹Ö/X½bõ‹Ö/X½bõ‹Ö/X½bõ‹Ö/X½bõ‹Ö/X½bõ‹Ö/X½bõ‹Ö/X½bõ‹Ö/X½bõ‹Ö/X½bõ‹Ö/X½bõ‹Ö/X½bõ‹Ö/X½bõ‹Ö/X½bõ‹Ö/X½bõ‹Ö/X½bõ‹Ö/X½bõ‹Ö/X½bõ‹Ö/X½bõ‹Ö/X½bõ‹Ö/X½bõ‹Ö/X½bõ‹Ö/X½bõ‹Ö/X½bõ‹Ö/X½bõ‹Ö/X½bõ‹Ö/X½bõ‹Ö/X½bõ‹Ö/X½bõ‹Ö/X½bõ‹Ö/X½bõ‹Ö/X½bõ‹Ö/X½bõ‹Ö/X½bõ‹Ö/X½bõ‹Ö/X½bõ‹Ö/X½bõ‹Ö/X½bõ‹Ö/X½bõ‹Ö/X½bõ‹Ö/X½bõ‹Ö/X½bõ‹Ö/X½bõ‹Ö/X½bõ‹Ö/X½bõ‹Ö/X½bõ‹Ö/X½bõ‹Ö/X½bõ‹Ö/X½bõ‹Ö/X½bõ‹Ö/X½bõ‹Ö/X½bõ‹Ö/X½bõ‹Ö/X½bõ‹Ö/X½bõ‹Ö/X½bõ‹Ö/X½bõ‹Ö/X½bõ‹Ö/X½bõ‹Ö/X½bõ‹Ö/X½bõ‹Ö/X½bõ‹Ö/X½bõ‹Ö/X½bõ‹Ö/X½bõ‹Ö/X½bõ‹Ö/X½bõ‹Ö/X½bõ‹Ö/X½bõ‹Ö/X½bõ‹Ö/X½bõ‹Ö/X½bõ‹Ö/X½bõ‹Ö/X½bõ‹Ö/X½bõ‹Ö/X½bõ‹Ö/X½bõ‹Ö/X½bõ‹Ö/X½bõ‹Ö/X½bõ‹Ö/X½bõ‹Ö/X½bõ‹Ö/X½bõ‹Ö/X½bõ‹Ö/X½bõ‹Ö/X½bõ‹Ö/X½bõ‹Ö/X½bõ‹Ö/X½bõ‹Ö/X½bõ‹Ö/X½bõ‹Ö/X½bõ‹Ö/X½bõ‹Ö/X½bõ‹Ö/X½bõ‹Ö/X½bõ‹Ö/X½bõ‹Ö/X½bõ‹Ö/X½bõ‹Ö/X½bõ‹Ö/X½bõ‹Ö/X½bõ‹Ö/X½bõ‹Ö/X½bõ‹Ö/X½bõ‹Ö/X½bõ‹Ö/X½bõ‹Ö/X½bõ‹Ö/X½bõ‹Ö/X½bõ‹Ö/X½bõ‹Ö/X½bõ‹Ö/X½bõ‹Ö/X½bõ‹Ö/X½bõ‹Ö/X½bõ‹Ö/X½bõ‹Ö/X½bõ‹Ö/X½bõ‹Ö/X½bõ‹Ö/X½bõ‹Ö/X½bõ‹Ö/X½bõ‹Ö/X½bõ‹Ö/X½bõ‹Ö/X½bõ‹Ö/X½bõ‹Ö/X½bõ‹Ö/X½bõ‹Ö/X½bõ‹Ö/X½bõ‹Ö/X½bõ‹Ö/X½bõ‹Ö/X½bõ‹Ö/X½bõ‹Ö/X½bõ‹Ö/X½bõ‹Ö/X½bõ‹Ö/X½bõ‹Ö/X½bõ‹Ö/X½bõ‹Ö/X½bõ‹Ö/X½bõ‹Ö/X½bõ‹Ö/X½bõ‹Ö/X½bõ‹Ö/X½bõ‹Ö/X½bõ‹Ö/X½bõ‹Ö/X½bõ‹Ö/X½bõ‹Ö/X½bõ‹Ö/X½bõ‹Ö/X½bõ‹Ö/X½bõ‹Ö/X½bõ‹Ö/X½bõ‹Ö/X½bõ‹Ö/X½bõ‹Ö/X½bõ‹Ö/X½bõ‹Ö/X½bõ‹Ö/X½bõ‹Ö/X½bõ‹Ö/X½bõ‹Ö/X½bõ‹Ö/X½bõ‹Ö/X½bõ‹Ö/X½bõ‹Ö/X½bõ‹Ö/X½bõ‹Ö/X½bõ‹Ö/X½bõ‹Ö/X½bõ‹Ö/X½bõ‹Ö/X½bõ‹Ö/X½bõ‹Ö/X½bõ‹Ö/X½bõ‹Ö/X½bõ‹Ö/X½bõ‹Ö/X½bõ‹Ö/X½bõ‹Ö/X½bõ‹Ö/X½bõ‹Ö/X½bõ‹Ö/X½bõ‹Ö/X½bõ‹Ö/X½bõ‹Ö/X½bõ‹Ö/X½bõ‹Ö/X½bõ‹Ö/X½bõ‹Ö/X½bõ‹Ö/X½bõ‹Ö/X½bõ‹Ö/X½bõ‹Ö/X½bõ‹Ö/X½bõ‹Ö/X½bõ‹Ö/X½bõ‹Ö/X½bõ‹Ö/X½bõ‹Ö/X½bõ‹Ö/X½bõ‹Ö/X½bõ‹Ö/X½bõ‹Ö/X½bõ‹Ö/X½bõ‹Ö/X½bõ‹Ö/X½bõ‹Ö/X½bõ‹Ö/X½bõ‹Ö/X½bõ‹Ö/X½bõ‹Ö/X½bõ‹Ö/X½bõ‹Ö/X½bõ‹Ö/X½bõ‹Ö/X½bõ‹Ö/X½bõ‹Ö/X½bõ‹Ö/X½bõ‹Ö/X½bõ‹Ö/X½bõ‹Ö/X½bõ‹Ö/X½bõ‹Ö/X½bõ‹Ö/X½bõ‹Ö/X½bõ‹Ö/X½bõ‹Ö/X½bõ‹Ö/X½bõ‹Ö/X½bõ‹Ö/X½bõ‹Ö/X½bõ‹Ö/X½bõ‹Ö/X½bõ‹Ö/X½bõ‹Ö/X½bõ‹Ö/X½bõ‹Ö/X½bõ‹Ö/X½bõ‹Ö/X½bõ‹Ö/X½bõ‹Ö/X½bõ‹Ö/X½bõ‹Ö/X½bõ‹Ö/X½bõ‹Ö/X½bõ‹Ö/X½bõ‹Ö/X½bõ‹Ö/X½bõ‹Ö/X½bõ‹Ö/X½bõ‹Ö/X½bõ‹Ö/X½bõ‹Ö/X½bõ‹Ö/X½bõ‹Ö/X½bõ‹Ö/X½bõ‹Ö/X½bõ‹Ö/X½bõ‹Ö/X½bõ‹Ö/X½bõ‹Ö/X½bõ‹Ö/X½bõ‹Ö/X½bõ‹Ö/X½bõ‹Ö/X½bõ‹Ö/X½bõ‹Ö/X½bõ‹Ö/X½bõ‹Ö/X½bõ‹Ö/X½bõ‹Ö/X½bõ‹Ö/X½bõ‹Ö/X½bõ‹Ö/X½bõ‹Ö/X½bõ‹Ö/X½bõ‹Ö/X½bõ‹Ö/X½bõ‹Ö/X½bõ‹Ö/X½bõ‹Ö/X½bõ‹Ö/X½bõ‹Ö/X½bõ‹Ö/X½bõ‹Ö/X½bõ‹Ö/X½bõ‹Ö/X½bõ‹Ö/X½bõ‹Ö/X½bõ‹Ö/X½bõ‹Ö/X½bõ‹Ö/X½bõ‹Ö/X½bõ‹Ö/X½bõ‹Ö/X½bõ‹Ö/X½bõ‹Ö/X½bõ‹Ö/X½bõ‹Ö/X½bõ‹Ö/X½bõ‹Ö/X½bõ‹Ö/X½bõ‹Ö/X½bõ‹Ö/X½bõ‹Ö/X½bõ‹Ö/X½bõ‹Ö/X½bõ‹Ö/X½bõ‹Ö/X½bõ‹Ö/X½bõ‹Ö/X½bõ‹Ö/X½bõ‹Ö/X½bõ‹Ö/X½bõ‹Ö/X½bõ‹Ö/X½bõ‹Ö/X½bõ‹Ö/X½bõ‹Ö/X½bõ‹Ö/X½bõ‹Ö/X½bõ‹Ö/X½bõ‹Ö/X½bõ‹Ö/X½bõ‹Ö/X½bõ‹Ö/X½bõ‹Ö/X½bõ‹Ö/X½bõ‹Ö/X½bõ‹Ö/X½bõ‹Ö/X½bõ‹Ö/X½bõ‹Ö/X½bõ‹Ö/X½bõ‹Ö/X½bõ‹Ö/X½bõ‹Ö/X½bõ‹Ö/X½bõ‹Ö/X½bõ‹Ö/X½bõ‹Ö/X½bõ‹Ö/X½bõ‹Ö/X½bõ‹Ö/X½bõ‹Ö/X½bõ‹Ö/X½bõ‹Ö/X½bõ‹Ö/X½bõ‹Ö/X½bõ‹Ö/X½bõ‹Ö/X½bõ‹Ö/X½bõ‹Ö/X½bõ‹Ö/X½bõ‹Ö/X½bõ‹Ö/X½bõ‹Ö/X½bõ‹Ö/X½bõ‹Ö/X½bõ‹Ö/X½bõ‹Ö/X½bõ‹Ö/X½bõ‹Ö/X½bõ‹Ö/X½bõ‹Ö/X½bõ‹Ö/X½bõ‹Ö/X½bõ‹Ö/X½bõ‹Ö/X½bõ‹Ö/X½bõ‹Ö/X½bõ‹Ö/X½bõ‹Ö/X½bõ‹Ö/X½bõ‹Ö/X½bõ‹Ö/X½bõ‹Ö/X½bõ‹Ö/X½bõ‹Ö/X½bõ‹Ö/X½bõ‹Ö/X½bõ‹Ö/X½bõ‹Ö/X½bõ‹Ö/X½bõ‹Ö/X½bõ‹Ö/X½bõ‹Ö/X½bõ‹Ö/X½bõ‹Ö/X½bõ‹Ö/X½bõ‹Ö/X½bõ‹Ö/X½bõ‹Ö/X½bõ‹Ö/X½bõ‹Ö/X½bõ‹Ö/X½bõ‹Ö/X½bõ‹Ö/X½bõ‹Ö/X½bõ‹Ö/X½bõ‹Ö/X½bõ‹Ö/X½bõ‹Ö/X½bõ‹Ö/X½bõ‹Ö/X½bõ‹Ö/X½bõ‹Ö/X½bõ‹Ö/X½bõ‹Ö/X½bõ‹Ö/X½bõ‹Ö/X½bõ‹Ö/X½bõ‹Ö/X½bõ‹Ö/X½bõ‹Ö/X½bõ‹Ö/X½bõ‹Ö/X½bõ‹Ö/X½bõ‹Ö/X½bõ‹Ö/X½bõ‹Ö/X½bõ‹Ö/X½bõ‹Ö/X½bõ‹Ö/X½bõ‹Ö/X½bõ‹Ö/X½bõ‹Ö/X½bõ‹Ö/X½bõ‹Ö/X½bõ‹Ö/X½bõ‹Ö/X½bõ‹Ö/X½bõ‹Ö/X½bõ‹Ö/X½bõ‹Ö/X½bõ‹Ö/X½bõ‹Ö/X½bõ‹Ö/X½bõ‹Ö/X½bõ‹Ö/X½bõ‹Ö/X½bõ‹Ö/X½bõ‹Ö/X½bõ‹Ö/X½bõ‹Ö/X½bõ‹Ö/X½bõ‹Ö/X½bõ‹Ö/X½bõ‹Ö/X½bõ‹Ö/X½bõ‹Ö/X½bõ‹Ö/X½bõ‹Ö/X½bõ‹Ö/X½bõ‹Ö/X½bõ‹Ö/X½bõ‹Ö/X½bõ‹Ö/X½bõ‹Ö/X½bõ‹Ö/X½bõ‹Ö/X½bõ‹Ö/X½bõ‹Ö/X½bõ‹Ö/X½bõ‹Ö/X½bõ‹Ö/X½bõ‹Ö/X½bõ‹Ö/X½bõ‹Ö/X½bõ‹Ö/X½bõ‹Ö/X½bõ‹Ö/X½bõ‹Ö/X½bõ‹Ö/X½bõ‹Ö/X½bõ‹Ö/X½bõ‹Ö/X½bõ‹Ö/X½bõ‹Ö/X½bõ‹Ö/X½bõ‹Ö/X½bõ‹Ö/X½bõ‹Ö/X½bõ‹Ö/X½bõ‹Ö/X½bõ‹Ö/X½bõ‹Ö/X½bõ‹Ö/X½bõ‹Ö/X½bõ‹Ö/X½bõ‹Ö/X½bõ‹Ö/X½bõ‹Ö/X½bõ‹Ö/X½bõ‹Ö/X½bõ‹Ö/X½bõ‹Ö/X½bõ‹Ö/X½bõ‹Ö/X½bõ‹Ö/X½bõ‹Ö/X½bõ‹Ö/X½bõ‹Ö/X½bõ‹Ö/X½bõ‹Ö/X½bõ‹Ö/X½bõ‹Ö/X½bõ‹Ö/X½bõ‹Ö/X½bõ‹Ö/X½bõ‹Ö/X½bõ‹Ö/X½bõ‹Ö/X½bõ‹Ö/X½bõ‹Ö/X½bõ‹Ö/X½bõ‹Ö/X½bõ‹Ö/X½bõ‹Ö/X½bõ‹Ö/X½bõ‹Ö/X½bõ‹Ö/X½bõ‹Ö/X½bõ‹Ö/X½bõ‹Ö/X½bõ‹Ö/X½bõ‹Ö/X½bõ‹Ö/X½bõ‹Ö/X½bõ‹Ö/X½bõ‹Ö/X½bõ‹Ö/X½bõ‹Ö/X½bõ‹Ö/X½bõ‹Ö/X½bõ‹Ö/X½bõ‹Ö/X½bõ‹Ö/X½bõ‹Ö/X½bõ‹Ö/X½bõ‹Ö/X½bõ‹Ö/X½bõ‹Ö/X½bõ‹Ö/X½bõ‹Ö/X½bõ‹Ö/X½bõ‹Ö/X½bõ‹Ö/X½bõ‹Ö/X½bõ‹Ö/X½bõ‹Ö/X½bõ‹Ö/X½bõ‹Ö/X½bõ‹Ö/X½bõ‹Ö/X½bõ‹Ö/X½bõ‹Ö/X½bõ‹Ö/X½bõ‹Ö/X½bõ‹Ö/X½bõ‹Ö/X½bõ‹Ö/X½bõ‹Ö/X½bõ‹Ö/X½bõ‹Ö/X½bõ‹Ö/X½bõ‹Ö/X½bõ‹Ö/X½bõ‹Ö/X½bõ‹Ö/X½bõ‹Ö/X½bõ‹Ö/X½bõ‹Ö/X½bõ‹Ö/X½bõ‹Ö/X½bõ‹Ö/X½bõ‹Ö/X½bõ‹Ö/X½bõ‹Ö/X½bõ‹Ö/X½bõ‹Ö/X½bõ‹Ö/X½bõ‹Ö/X½bõ‹Ö/X½bõ‹Ö/X½bõ‹Ö/X½bõ‹Ö/X½bõ‹Ö/X½bõ‹Ö/X½bõ‹Ö/X½bõ‹Ö/X½bõ‹Ö/X½bõ‹Ö/X½bõ‹Ö/X½bõ‹Ö/X½bõ‹Ö/X½bõ‹Ö/X½bõ‹Ö/X½bõ‹Ö/X½bõ‹Ö/X½bõ‹Ö/X½bõ‹Ö/X½bõ‹Ö/X½bõ‹Ö/X½bõ‹Ö/X½bõ‹Ö/X½bõ‹Ö/X½bõ‹Ö/X½bõ‹Ö/X½bõ‹Ö/X½bõ‹Ö/X½bõ‹Ö/X½bõ‹Ö/X½bõ‹Ö/X½bõ‹Ö/X½bõ‹Ö/X½bõ‹Ö/X½bõ‹Ö/X½bõ‹Ö/X½bõ‹Ö/X½bõ‹Ö/ç@